78
47
25
43
60
8
32
41
25
5
8
22
32
33
95
100
43
17
9
79
6
99
81
43
19
2
2
19
92
33
85
27
66
26
78
64
70
40
41
61
77
12
78
37
29
3
59
49
25
64
6
11
36
61
5
79
67
82
24
59
6
14
50
92
20
81
56
6
55
32
30
3
76
48
2
95
21
44
15
16
44
54
94
29
28
75
92
6
21
100
98
89
17
83
55
64
62
87
18
49
48
53
94
94
34
4
36
88
59
11
58
23
68
9
15
53
20
21
65
46
90
51
86
56
34
42
87
93
94
39
33
35
27
67
69
91
60
100
95
24
40
4
47
10
42
75
22
8
68
3
44
42
23
73
60
97
67
39
61
93
17
43
95
21
79
24
97
2
40
25
93
20
27
41
7
86
4
77
14
59
20
79
25
91
95
92
12
55
7
72
24
21
40
2
8
97
10
26
31
19
79
21
69
44
11
24
15
83
66
74
94
91
26
2
73
39
18
4
27
88
13
43
95
68
1
72
81
25
33
10
77
79
46
95
81
100
11
82
81
71
77
29
89
34
79
34
96
39
29
70
80
6
100
44
7
36
27
1
44
39
44
91
50
57
98
16
45
31
22
74
29
36
24
57
12
84
55
61
89
67
77
43
96
64
30
72
79
3
89
46
74
10
38
43
27
87
79
32
37
64
90
65
17
56
42
44
83
43
32
24
82
66
12
77
62
2
95
87
28
26
37
42
43
77
1
19
99
82
30
26
5
24
25
26
78
13
26
40
23
86
90
36
71
66
64
8
98
62
81
26
92
93
5
11
28
48
22
41
56
23
46
2
14
7
19
58
42
87
100
50
77
55
64
42
37
1
71
78
13
93
22
37
1
5
34
12
19
14
98
30
91
85
85
1
41
89
23
64
47
6
67
11
62
32
50
37
30
63
74
28
78
45
29
64
2
9
1
9
74
8
40
28
90
70
59
92
71
64
2
49
78
7
31
7
26
11
76
70
56
98
82
57
40
71
53
46
56
22
100
32
88
14
91
39
67
39
22
92
73
58
66
67
62
25
50
71
14
23
38
91
34
31
54
76
26
84
89
19
18
13
37
49
64
71
62
64
16
92
40
87
90
84
98
99
32
16
95
15
21
82
33
34
84
9
98
58
61
16
14
84
51
3
74
60
22
17
3
91
64
87
56
23
84
51
2
51
34
56
44
11
89
74
99
37
81
4
66
55
73
5
4
1
79
56
37
87
10
39
77
15
13
4
52
35
27
10
50
33
8
48
25
6
72
3
96
78
5
38
79
19
52
48
19
60
84
56
44
28
15
15
41
95
79
29
99
85
23
64
11
71
54
33
48
26
81
99
29
77
60
60
83
73
60
59
64
65
86
92
52
72
67
22
19
94
7
30
27
43
4
12
56
41
28
8
65
20
1
93
80
86
27
67
69
56
33
69
35
20
66
34
99
31
13
39
5
32
14
54
19
51
72
86
73
49
4
42
45
53
95
44
64
94
12
67
45
100
54
64
62
39
95
8
77
70
14
25
29
89
4
33
6
47
74
29
14
42
95
21
52
91
24
83
25
23
71
6
20
47
95
5
79
51
93
81
57
64
9
3
35
80
14
56
50
62
39
17
20
83
53
3
6
34
12
71
15
12
83
55
100
9
6
82
95
99
55
55
55
94
73
50
34
92
86
73
78
68
34
64
84
54
86
37
94
92
99
46
39
23
66
45
82
54
3
27
75
32
62
51
8
84
63
26
11
3
70
14
48
40
93
47
79
20
72
47
23
70
89
3
1
9
16
32
28
28
69
81
89
59
98
46
7
83
56
100
91
61
26
92
23
85
98
100
30
20
67
63
82
57
5
5
44
60
51
100
68
32
98
84
35
90
26
90
42
47
41
96
64
72
56
62
45
97
81
16
11
17
2
9
61
7
99
32
54
94
3
48
33
57
33
60
63
42
58
34
60
9
58
83
79
71
99
11
2
44
61
47
79
35
89
51
30
90
23
28
91
94
36
49
45
94
63
8
40
96
100
3
40
48
57
3
60
19
31
91
8
89
31
11
33
57
69
99
68
82
30
74
19
30
43
67
73
9
39
86
8
91
71
6
44
59
7
32
78
87
92
12
59
33
21
3
63
25
17
88
26
65
41
59
67
26
84
11
5
91
30
52
80
46
83
17
18
25
67
75
51
37
21
82
91
19
15
87
9
40
4
49
93
52
60
44
51
13
40
18
75
97
27
88
58
40
32
14
51
4
86
38
58
42
38
89