65
50
89
98
94
36
28
58
5
98
89
45
40
9
42
71
36
46
44
85
89
70
89
30
26
41
21
88
12
12
75
79
49
96
3
43
88
62
65
62
43
70
7
49
51
20
98
46
98
6
2
87
52
67
100
95
62
59
72
54
16
40
46
94
23
11
96
45
7
100
83
74
81
82
42
20
63
40
80
7
43
76
91
7
10
89
28
83
97
8
81
29
91
12
47
3
25
14
27
40
24
54
40
98
23
29
6
70
25
81
32
22
80
65
11
41
50
40
84
35
84
14
49
99
19
55
83
70
36
39
95
50
14
40
84
90
36
93
84
81
83
58
58
16
76
60
49
27
2
7
54
85
30
93
57
10
6
41
80
69
47
37
35
86
86
82
8
41
82
21
5
57
57
3
52
27
56
33
23
59
6
57
69
29
86
11
21
22
84
74
85
96
14
16
35
47
23
72
31
95
52
9
45
81
3
98
29
27
41
31
55
74
18
22
64
90
68
6
1
76
62
87
58
8
37
10
43
42
69
6
4
84
2
29
7
98
12
88
27
88
82
94
81
53
20
11
78
93
52
45
79
18
71
56
33
66
51
38
44
93
55
88
59
36
27
71
72
90
15
66
79
81
80
14
94
68
7
5
89
27
32
51
90
24
28
87
13
46
97
42
47
75
45
34
33
95
36
46
26
49
39
89
79
87
67
99
38
58
63
65
59
47
49
18
62
4
99
35
9
41
58
27
93
73
20
5
36
46
81
100
33
61
79
40
88
44
73
3
58
29
49
56
84
32
83
1
26
27
73
29
96
1
37
86
92
13
96
6
67
63
63
93
77
64
33
99
68
10
31
18
32
96
78
80
93
3
43
62
90
20
80
10
73
52
4
32
24
94
48
75
49
67
37
95
67
56
79
21
99
85
33
16
97
55
98
1
24
58
93
90
70
34
17
48
83
54
20
25
60
2
75
75
62
56
70
65
60
83
13
37
24
23
63
5
87
64
13
19
55
3
8
67
1
59
5
15
51
89
12
14
37
54
61
98
11
59
54
41
86
34
42
41
45
56
66
48
71
13
62
20
41
2
71
57
94
8
74
4
52
55
14
71
71
100
1
71
62
66
94
28
10
73
33
22
62
68
22
46
93
58
44
39
28
93
74
36
84
4
4
4
86
51
90
31
20
71
70
45
56
96
86
6
19
34
10
68
69
50
96
27
86
29
11
94
12
76
44
79
27
66
88
58
63
91
43
59
83
2
3
91
98
77
90
98
72
39
20
94
83
6
67
35
9
78
18
57
41
96
20
44
27
92
19
91
9
28
43
29
91
51
85
68
47
5
29
9
39
13
22
73
57
50
96
21
99
53
50
85
73
86
18
88
82
59
64
7
59
100
90
45
96
91
4
32
21
99
88
5
50
9
19
29
75
48
88
78
97
98
92
56
79
59
56
5
34
98
86
89
41
22
51
39
24
78
78
66
47
64
1
1
66
45
36
65
68
90
13
35
72
87
11
61
9
34
66
38
36
99
99
23
14
99
65
28
58
80
5
97
71
22
31
33
98
92
90
35
23
92
38
44
85
52
18
54
12
90
31
91
12
40
31
49
65
78
87
67
81
8
7
88
85
17
65
50
57
78
64
18
44
32
15
44
62
56
39
63
82
11
17
69
50
15
86
31
92
82
68
20
5
23
54
16
86
50
59
69
87
68
97
34
27
14
47
80
25
87
87
10
40
25
86
70
91
39
39
71
31
34
58
75
10
44
13
21
79
100
59
13
97
70
76
14
15
84
42
36
69
6
6
6
96
59
81
80
38
85
25
47
11
89
38
53
11
22
24
84
1
26
2
26
28
75
14
71
49
72
56
8
97
3
2
26
28
53
80
52
64
33
84
95
75
12
2
8
32
23
4
93
61
59
36
43
4
81
78
21
46
11
32
66
29
18
50
8
88
13
25
58
43
72
20
68
42
8
51
16
74
6
39
27
69
64
47
39
68
59
23
48
76
60
7
54
2
18
66
58
63
94
21
20
98
46
51
89
39
68
2
96
30
62
47
40
72
5
98
66
71
12
41
29
90
78
83
83
66
67
66
25
43
94
54
80
86
19
29
23
14
59
100
100
58
27
18
14
13
67
82
97
21
1
87
51
54
93
30
21
63
68
23
73
2
78
54
37
8
68
55
53
77
75
53
12
12
41
71
64
60
70
70
100
85
69
4
43
7
3
27
93
90
8
61
46
37
28
98
81
74
82
6
46
12
30
21
47
49
76
40
13
22
67
